100
71 -473 -574 -550 -70 -801 758 -490 979 6 77 105 127 972 -442 461 600 13 153 -261 6 195 -155 27 663 137 -130 85 304 461 -161 -383 -569 410 140 -52 311 168 -152 204 435 -191 274 346 175 135 552 728 8 297 -135 -515 235 281 261 794 -5 -272 -363 45 90 483 -289 69 403 172 23 191 -192 444 144 253 2 -259 -75 117 -568 -104 -464 -202 543 135 458 -88 693 555 367 -140 -39 570 225 -172 679 442 670 -451 -351 119 -114 -72 
332 -24 714 -410 580 225 -372 418 -27 75 440 118 557 -533 169 -246 20 324 379 -261 177 -115 -91 641 640 -262 -31 -521 73 -56 -277 359 -148 240 540 295 -108 44 -303 -23 446 540 107 -196 -210 -513 195 153 -15 86 222 73 25 -194 -311 65 573 58 17 194 128 -368 487 111 -342 424 153 234 376 -556 -148 178 -171 147 518 -99 -185 489 -189 305 -147 -64 -137 77 226 -314 -545 69 209 722 293 95 -214 -206 122 -210 -44 -68 294 -114 
532 208 -284 309 -77 203 -338 97 274 58 -117 429 -13 106 172 -256 512 -276 -293 3 146 -241 797 -213 -735 87 -351 -162 315 396 -190 -391 125 554 261 -404 -191 147 44 -134 620 -385 -232 188 -274 -32 -22 -12 545 -89 -466 49 -356 184 499 140 198 -495 -194 -446 -438 -244 495 -193 -81 -51 -124 167 -490 386 140 307 -340 -481 234 -164 544 45 406 -164 -608 39 60 53 318 -129 494 -196 35 -307 315 348 573 -355 -172 251 90 39 -395 479 
-161 467 305 -824 -724 292 532 266 -130 262 204 -304 0 -373 563 -57 172 255 504 -5 -141 -320 3 -77 328 238 290 78 -180 -22 -434 232 17 213 -13 -287 -235 265 -669 914 135 643 127 37 -789 -80 141 45 -81 -88 179 227 484 -303 448 114 550 24 -558 -221 207 -128 234 592 -750 38 90 -758 751 111 -190 463 -213 -28 318 -147 -326 290 -374 641 118 48 298 -351 380 414 -100 500 195 -53 -206 221 162 321 -489 -115 -39 -84 -55 666 
-96 304 98 -318 -7 357 162 212 -74 25 317 255 -5 -353 68 -620 68 217 401 -370 -290 436 338 -247 57 417 227 721 -237 -386 -121 9 -391 322 -400 -688 -393 -19 -5 110 95 622 294 231 -170 611 129 304 -87 133 -75 411 -484 225 -845 -195 111 -170 -245 150 -237 -270 164 377 -143 225 -735 79 549 196 325 -91 569 -230 169 375 -432 123 -222 163 155 -533 -67 -394 -567 350 -186 -625 -409 340 -460 323 -387 155 -42 -422 -173 -252 596 -373 
-277 -676 3 -54 -463 128 152 -93 144 -864 -11 -96 -304 -338 -126 -172 141 -171 875 -6 -575 -260 -14 448 -85 190 68 -79 -102 413 -39 -238 -394 -106 -115 -67 -12 -46 194 406 124 -186 -258 -780 -415 -473 240 308 -47 -5 -202 -125 -220 -452 70 498 77 -114 -73 -242 693 248 -421 107 126 -336 204 -55 -386 5 -335 -632 -222 -615 338 345 389 257 254 215 434 -256 -88 172 284 730 -124 -230 -221 -32 -672 351 65 -100 -385 48 -540 -185 295 108 
278 44 209 456 -308 -170 40 213 -242 397 250 -141 450 -22 469 69 125 -447 359 -24 159 -82 271 -193 122 -334 607 -130 -170 16 357 69 329 -245 82 143 453 -324 -348 77 99 -214 311 276 322 177 -74 -91 -145 -700 608 157 401 -101 67 -174 602 -185 -73 -87 234 196 98 223 258 197 -103 287 268 485 -185 681 -517 260 -105 -592 -201 -37 495 -33 292 395 419 160 -335 -23 39 -131 398 26 52 -441 2 -163 -91 599 -141 -214 283 1333 
-112 -34 -80 -577 -255 23 -160 58 20 200 -99 -178 9 -111 244 -13 -423 177 96 -163 -535 215 -387 103 266 440 -172 -55 -210 46 276 388 228 -58 157 -90 129 131 -333 -380 -128 7 -117 708 -64 -385 253 77 210 -287 213 -122 -350 415 -55 -45 24 -71 173 -259 -157 -280 -221 -136 -323 -104 243 153 406 -247 321 521 -146 166 -81 204 -221 -313 551 159 587 252 205 -749 357 -259 26 -204 340 -564 291 -415 267 181 -59 -256 449 -20 -662 -88 
94 -78 -348 192 -178 325 -97 105 33 639 185 82 -602 -341 -303 -211 113 -247 226 344 -482 -252 -128 -335 404 279 -643 139 -12 357 39 -349 38 -117 -380 117 -54 -86 27 484 130 -230 104 251 -76 -9 -361 -36 -133 -350 -191 -484 -261 9 240 302 213 -285 717 309 -176 113 71 -43 -80 138 -573 -380 -750 180 401 -147 18 -715 443 102 289 -283 8 -59 202 78 -21 1084 -195 554 -412 125 -610 684 493 352 434 422 305 -67 -33 -282 514 331 
277 1077 763 -135 92 -86 102 -32 -25 593 121 -54 186 31 685 -8 215 543 518 391 516 -25 -434 137 604 -420 -3 10 158 303 37 167 -33 610 632 59 103 -175 99 287 88 225 7 -64 -529 362 377 -466 -290 697 307 -37 -330 -223 626 -318 -115 220 100 -430 -504 -296 403 93 -70 -31 669 119 615 -102 198 -630 -4 800 -32 -121 -648 221 -599 -365 315 120 -312 236 34 -328 608 149 252 150 -309 180 -152 297 -21 -211 -188 471 181 386 
-838 -487 236 508 408 -232 434 64 99 -317 111 317 -214 404 -369 -236 145 76 133 -524 495 876 -579 -85 -97 -34 212 -309 428 -136 -494 148 -47 -45 -473 58 87 494 -301 334 -702 383 206 -236 248 -144 395 -133 -108 558 -149 284 30 58 124 238 446 -280 41 -52 424 65 519 -363 322 -110 210 351 -160 14 -15 -90 28 359 -526 114 187 152 75 445 -334 -239 530 535 -150 44 -571 50 184 230 -270 -138 -120 217 690 408 -699 573 -519 -650 
80 -82 297 -289 379 -66 -462 -166 515 64 0 179 188 640 279 624 113 373 -449 -384 50 295 533 98 -98 -260 105 -180 -194 358 178 514 -58 256 375 -272 -100 138 -162 -409 -43 -611 68 33 -581 -2 -104 93 77 597 161 -464 -14 324 3 76 -68 -397 223 336 -524 22 194 -383 -528 -209 685 282 41 -150 411 27 258 -318 399 -621 46 -289 -164 198 -66 -374 -422 67 -89 -106 -41 -585 -538 695 -117 -390 224 -241 48 178 621 306 107 109 
692 183 -26 -347 400 170 -250 143 40 852 -291 155 -394 -13 -370 -716 465 -943 -10 -111 103 -6 -690 1498 -368 117 -311 473 274 -31 407 -461 -226 92 -182 260 -373 -222 -363 539 96 -4 61 280 186 36 -42 -69 408 -323 11 197 261 -175 -615 -135 39 664 -929 -46 161 -722 124 452 259 44 -204 -538 -87 -7 -508 570 -181 110 312 651 -375 446 -227 83 -225 192 8 -322 -211 -270 280 -179 -14 -246 282 530 -44 427 -207 -507 331 -452 -556 -374 
148 -474 -135 259 96 -606 -269 241 238 -60 685 -224 -352 -401 -439 -682 96 86 555 -196 -152 239 -697 -523 296 452 58 46 -665 -59 209 -300 -134 -172 148 -727 23 757 -52 97 279 -51 -136 -240 279 117 391 -426 -241 695 479 176 419 -490 -554 484 212 195 30 172 -232 -483 847 472 -173 177 -382 -77 543 228 320 -129 -527 -377 -137 663 489 175 -250 -535 241 -30 -93 -231 32 -33 465 -56 -633 -240 -525 161 105 530 424 -38 -235 -165 -2 -459 
-135 1154 -241 721 96 -38 501 58 177 -116 -176 63 -172 -33 -70 49 -161 661 294 -775 -346 248 231 -504 182 -352 288 -373 -7 -377 -190 -27 -63 -49 311 119 7 -401 270 27 157 -87 133 -157 -597 -280 -260 386 -537 -607 -633 -330 -13 321 348 -49 567 -188 308 590 -17 263 -754 -200 57 443 328 -121 -84 -183 46 -289 272 30 -370 100 -467 564 254 228 592 -154 207 468 -103 42 -137 -104 165 612 -146 430 303 161 130 281 -39 -136 -413 -641 
282 -84 347 -295 637 513 -500 -89 298 412 -493 197 679 458 835 737 124 146 323 443 559 203 -175 73 480 -421 -495 -152 199 104 600 -455 240 635 411 -70 289 204 150 480 -90 146 366 500 -395 206 573 -690 236 396 -313 198 -48 -268 400 -253 -351 136 -497 -263 187 -407 669 -367 -306 207 159 773 538 66 589 -107 177 746 -46 -135 689 94 288 -191 257 636 -660 654 200 -639 344 -389 471 -188 -249 -140 -386 432 75 119 -372 -178 -45 11 
-543 95 434 123 -206 -4 -404 -86 -235 -185 -79 131 -82 -416 -231 -87 -310 199 -397 -467 -287 168 -170 -62 -8 327 500 -157 -437 262 185 245 163 -558 -195 -101 -15 -4 324 341 281 -45 -278 -62 262 -93 -676 -616 -61 -112 -444 -338 -162 -58 56 290 -63 -512 -136 -258 24 -225 -25 20 -395 170 128 -54 -257 -685 160 -210 38 -91 -257 215 368 289 -92 -97 409 180 -259 -116 -475 -342 194 -88 337 302 111 322 211 134 -125 -235 220 -67 -231 68 
294 219 -376 529 -322 386 246 -358 209 40 619 -437 -76 -137 347 60 387 -61 305 -90 -504 -699 194 -198 177 45 -374 -133 -329 -628 -127 209 -243 158 -340 -153 92 -323 -163 153 343 19 -339 -388 99 -346 149 -199 194 387 507 255 187 -511 -208 50 21 73 309 256 -85 163 676 15 51 568 -439 -246 90 30 -383 128 359 -374 213 -509 -311 150 123 -69 329 24 -314 -223 794 417 -208 488 137 339 -205 349 588 104 -177 -36 -202 -479 321 -265 
210 546 -568 282 -746 -513 -59 314 -434 -343 307 17 -560 -231 -218 134 -37 229 -290 -286 6 -305 64 -231 -522 68 -725 -364 -17 286 -498 11 -91 61 24 -176 76 -115 140 517 168 -110 -130 294 -732 -16 -322 300 -421 -54 -54 -20 774 -136 249 99 -159 -92 190 153 -276 -509 -478 85 -382 619 -355 -471 -192 311 95 197 22 -618 129 260 244 83 63 499 -271 217 350 -508 146 56 316 -117 -85 -193 278 250 700 -126 87 157 184 171 -381 168 
-525 -44 -339 -585 92 -134 232 272 -119 -359 351 -741 595 283 -158 -47 -384 206 478 484 66 188 -467 -202 525 12 220 302 -244 -43 -31 129 142 338 -329 294 -178 404 90 -366 37 282 210 -312 -179 631 -127 32 174 -529 554 381 122 -205 -224 40 -296 -247 -92 -79 81 448 195 -196 -173 -281 -274 -247 -356 79 244 -119 -690 70 273 -655 92 -109 -179 -52 44 -527 478 -22 -164 -24 410 75 288 -414 -561 -163 -111 -110 504 -218 -197 -28 -107 -527 
336 395 -71 207 -175 134 -33 121 190 -202 430 -32 29 112 320 97 197 -116 -281 201 113 -470 438 -244 -170 -104 -221 23 -404 -499 -411 379 -347 -132 481 -63 51 -659 252 42 -110 -444 462 -64 236 105 425 316 116 20 422 78 -50 271 -40 448 -161 -168 445 1184 -207 192 242 -191 -318 923 280 -307 166 -239 -252 -96 624 -153 -550 -681 -154 379 -310 171 419 -18 72 -148 192 644 -542 794 3 406 74 -201 -313 -50 191 162 183 -9 204 68 
-190 -628 -199 239 -234 -104 -405 -38 603 -617 267 305 303 839 -717 504 -475 -447 -108 -9 -121 -10 -39 462 201 211 259 -306 112 307 448 216 307 -376 221 -614 -349 674 -53 572 -214 -101 122 104 170 26 78 -392 379 353 802 -349 501 -322 -57 411 -203 -113 232 370 10 -559 670 121 -68 72 393 557 -163 431 -685 885 -33 712 59 289 611 -421 34 -183 -39 454 292 -58 308 -297 378 94 -117 471 -288 -292 614 209 -154 597 -18 -396 -384 98 
530 -604 -236 -180 441 352 58 -224 86 207 -320 749 -147 463 -569 178 -334 -169 -184 -250 -53 295 768 -5 -278 -6 -110 -258 1052 56 -100 325 213 149 309 -471 -285 442 -43 483 232 253 199 -129 -485 -574 -543 486 -265 -317 -366 -59 305 -257 -513 345 25 323 201 87 518 -179 245 295 549 -94 512 1 -6 -90 -791 -15 158 343 374 101 378 -205 410 409 -19 86 329 -346 341 126 162 112 178 28 397 -83 -109 -351 55 10 -266 -105 -97 92 
16 56 94 -495 332 154 -303 271 327 -497 207 -200 -217 212 -242 185 -373 -84 295 561 504 292 313 653 -342 209 -51 -5 -96 154 -20 594 -76 63 533 -189 223 486 -40 333 -104 376 98 -96 332 -34 -47 178 117 140 63 335 -229 273 -68 504 -638 46 24 -49 51 -49 -126 -214 -179 -361 671 209 240 -173 157 -478 -14 478 269 -208 734 -251 206 52 -312 68 132 5 128 -7 -318 -217 280 -27 238 87 -3 -86 -230 -115 271 261 -235 -203 
497 651 -185 -60 -38 176 116 -171 53 67 -218 149 -492 60 -14 -509 -148 221 494 -927 -179 895 195 372 -445 156 -450 37 64 -233 -279 263 -102 -54 531 -172 -404 -57 -148 -212 482 100 592 -30 -179 -339 -48 -74 333 -296 -96 -78 342 -306 -184 -17 818 418 412 -55 16 -529 57 -339 -221 274 48 -579 124 -285 -52 388 44 72 470 218 -557 -49 94 553 793 -13 -392 -135 207 323 603 -275 6 344 -158 119 104 13 -236 -386 130 -776 0 -159 
480 -282 138 404 -297 113 439 220 -901 220 33 91 20 -112 -268 -304 -561 -447 518 47 239 33 646 -378 -204 -44 141 326 446 237 114 -111 326 -459 594 -427 695 255 163 -52 31 146 -55 -39 -456 -49 -130 171 -353 -138 284 268 375 383 133 87 -368 -244 203 -100 -163 460 -748 323 95 -355 608 136 -425 311 97 -186 -347 -90 317 -7 127 -274 -7 -238 -148 644 64 -57 500 -259 49 72 399 174 354 506 457 -404 -353 -242 172 72 547 463 
60 81 -157 701 338 -338 553 -208 77 258 116 -115 -14 -186 -452 795 83 309 -489 294 375 166 211 30 -808 -262 -221 244 -348 -68 361 474 376 -151 -152 -250 189 -435 -6 405 -299 319 879 -617 -183 -262 300 253 -61 329 137 355 -56 -303 202 -210 -286 428 -337 97 446 -629 228 -115 721 45 192 -272 597 -234 -458 467 671 -15 542 -425 27 351 -355 -335 -269 -332 -366 -143 -400 -193 -293 167 39 506 -86 78 -1001 -269 278 123 -438 288 524 -135 
275 159 -69 364 -272 83 92 -377 -153 9 153 69 227 -63 391 70 578 167 10 194 424 -565 326 -423 840 282 163 761 191 -40 -829 41 -501 780 -400 45 -190 393 -670 -384 -277 -284 -468 525 368 360 0 126 -62 141 376 197 -578 543 38 167 277 -196 736 -69 -220 -147 426 -422 19 28 -297 563 -494 72 -173 -55 358 364 186 191 92 -562 193 274 -356 544 775 545 201 534 56 424 137 4 211 -469 -106 245 468 -101 -254 356 295 -195 
-259 -153 -383 -495 -361 -43 -456 427 351 255 5 -132 -63 -422 -114 -269 66 -389 -264 -1 -47 380 -20 -159 335 373 411 -47 166 -21 -192 -498 397 146 -92 192 -406 -376 -486 73 227 103 -84 -309 -449 -336 54 33 214 -25 -517 -241 -115 -85 -152 -86 600 -616 -207 161 -116 -275 571 867 -154 43 -677 -42 55 -602 -396 210 25 -285 196 -72 -711 404 -847 -263 205 -187 340 -578 47 -623 -133 221 361 218 847 -119 315 -77 -207 -90 -588 -139 127 27 
275 459 213 59 -223 -407 -308 -622 433 664 -182 7 -360 306 -56 203 566 -240 -516 144 -179 -385 332 235 -370 -135 -178 72 -475 496 93 84 -58 -103 148 -529 -38 120 144 526 -59 282 -517 66 -153 299 -234 512 98 -84 -470 2 324 351 88 20 -56 18 50 -3 -109 -688 -375 -162 333 711 -3 -313 384 -228 -259 492 216 -177 442 139 369 941 -356 -93 -501 -381 -705 -864 23 -460 721 38 23 122 117 303 707 -1 -316 -138 103 60 -117 80 
-299 75 106 -330 -526 71 525 84 83 82 -164 -56 -168 161 10 21 -143 441 5 71 169 169 -87 -389 734 564 87 44 -922 237 -7 305 -264 -367 120 88 415 223 137 287 8 335 311 323 -464 218 -447 324 -134 140 -265 -480 -160 -219 182 501 251 -314 -4 -271 -353 417 -672 108 -49 626 -105 -346 447 54 637 -230 -42 226 227 -117 -196 19 112 185 366 -425 742 4 -455 262 -222 -142 -170 -146 -123 218 316 55 -376 -104 -53 -613 59 60 
195 84 -100 559 171 -457 -183 753 35 -106 363 -325 41 111 -408 83 -104 -71 781 621 11 599 -189 -163 28 -259 345 324 241 -127 237 -60 77 696 407 -281 645 422 -563 -116 455 461 369 77 578 -500 432 -907 502 238 589 476 232 958 -4 -63 -277 -89 -33 50 499 -494 346 -244 -15 -138 382 182 438 352 -20 913 48 748 -846 -313 260 265 -84 -176 -640 323 636 -68 261 -647 307 120 296 -134 -693 -167 -168 27 -105 542 238 24 -945 -580 
458 57 412 402 250 -64 247 -127 623 -18 -509 -3 234 -77 101 -4 72 -424 -165 -63 -247 565 205 444 146 295 269 -239 -515 54 114 342 -103 -228 482 102 -1004 -467 -322 182 240 -228 185 -106 491 172 297 231 114 120 -71 12 119 3 1 -248 512 -104 268 -97 15 402 679 -85 -14 263 -4 574 668 -559 -537 -48 36 488 -352 -100 444 -144 127 -575 95 -432 -509 133 -324 279 502 38 92 925 -243 234 -157 65 -102 70 25 -598 -189 -280 
3 473 -51 -843 100 -220 -88 10 186 236 721 -251 4 -567 519 157 251 32 48 220 929 -170 -313 47 47 576 120 177 459 -236 -60 -51 -112 -424 -112 1055 49 23 -472 -50 -271 584 210 25 41 -835 -456 295 -436 701 102 517 -336 -466 -521 477 675 -38 193 -183 -305 -616 -366 194 -67 195 -325 -140 76 12 74 -176 -689 -169 -8 -324 -63 -50 -351 -294 -191 509 112 -916 491 -504 -124 -425 189 -85 206 -646 -161 623 130 -234 11 -153 -31 -266 
-83 229 309 65 62 -281 613 -319 -462 -2 -530 -234 -349 365 564 -19 42 -104 244 -1103 51 886 83 -426 627 -13 513 -32 348 -638 -498 -364 -432 251 207 50 93 174 3 -215 245 192 -59 234 315 -100 -92 -129 -110 -420 -377 -17 798 18 -176 -5 591 -128 -140 -704 -180 517 -173 -107 -173 -398 -636 273 415 -594 84 -179 -376 409 -875 -220 -391 -48 125 193 169 -145 -13 328 130 -21 -150 84 241 -24 137 -260 641 -381 119 -240 276 79 -66 -465 
-357 -67 -241 -271 125 -12 -117 63 607 -256 639 385 138 -168 220 688 716 508 102 -450 197 -50 -201 24 274 -303 291 -126 -42 -300 -57 295 -553 420 -249 -275 916 -37 -353 -56 186 -135 322 211 -55 -166 -258 -113 -327 -185 228 -102 -516 -216 -324 513 554 409 -80 -281 78 311 460 208 36 -157 288 -364 40 70 -356 229 339 279 -357 -251 -521 33 -144 -98 414 -7 385 -210 -171 37 -67 102 260 -177 444 -223 203 104 -147 -59 318 -34 -204 465 
76 -36 708 413 -352 -500 -77 117 -360 364 161 -52 58 484 -626 214 -108 -25 47 -735 165 337 -12 -169 364 112 60 80 -2 450 292 237 134 206 -38 -172 -33 535 28 -2 154 285 598 44 260 -36 -342 -166 166 140 239 -40 558 99 160 -121 34 -225 4 -31 292 -298 -183 -214 361 10 -18 366 573 -23 493 425 174 263 43 -376 300 -425 282 167 148 152 -496 646 -111 -106 -293 151 -83 -71 80 90 61 213 407 -327 391 -215 148 236 
11 242 -67 -29 -317 -155 -523 690 182 -12 -489 240 146 425 110 488 497 215 6 376 545 208 10 366 72 -400 -20 425 -2 199 -40 400 223 529 -216 -303 -224 159 275 642 191 -20 640 184 -13 233 34 -111 528 159 254 123 -74 -8 44 807 144 108 -121 -763 469 -1230 357 56 106 -34 429 112 2 481 -266 199 -75 260 275 -105 406 529 184 -345 -694 -53 173 -32 -1 -270 955 -1137 229 330 -175 -262 85 39 -158 -335 -427 145 -246 285 
523 202 -550 -457 -395 -353 274 7 -212 242 -433 35 -574 306 -447 -317 123 -195 24 241 0 482 -185 591 22 199 -417 503 70 119 -69 -179 -189 -100 231 18 -332 432 -564 35 528 -350 -269 690 224 59 11 -17 554 -63 350 8 -114 24 -341 376 -190 96 600 -80 -445 -627 -312 -98 53 -363 57 -271 -150 -242 -140 -30 404 -391 737 546 -513 182 -265 216 153 330 209 -227 222 174 59 256 -159 8 -19 -459 419 -100 -360 -78 562 -327 19 -238 
287 527 257 -130 229 519 -394 -84 488 528 261 131 446 -93 234 -3 -22 -242 -319 -606 81 -418 61 485 -111 -171 332 -186 537 191 309 258 -129 -232 -228 139 -55 -160 203 169 305 -138 -58 -262 840 184 -622 75 5 -134 -103 -422 -267 -122 -314 -224 101 -82 -501 244 -389 -477 -168 675 656 -128 544 -172 263 32 -62 409 -130 -451 157 -169 -149 -332 278 -867 29 47 -573 -306 -247 -257 153 55 190 283 29 0 268 224 -209 314 248 -169 -336 1044 
-36 -57 384 -468 -130 306 230 -14 226 -348 -668 -188 93 321 531 168 -730 -115 27 -249 450 391 576 195 210 37 163 -71 481 130 -39 -420 12 -85 189 -205 -149 752 -450 482 615 553 -701 133 -233 -435 -51 -205 -39 298 -417 412 207 155 402 -298 -640 -218 -934 153 -123 166 -100 134 -410 -98 198 503 28 -12 455 297 215 -87 -315 41 277 -33 104 225 -129 139 -295 -430 527 -167 75 5 231 203 -3 159 215 363 -845 -382 -134 -140 -442 -41 
-17 767 -123 178 -84 669 374 271 12 581 220 195 -197 -1 -88 -329 -16 -246 214 -211 -295 432 -43 228 -371 452 62 -393 -549 27 -94 322 -319 -698 584 -516 -35 -172 -347 410 -470 144 250 539 -315 236 -168 -175 187 -151 -76 619 -136 -172 -470 612 228 -82 386 -233 -74 26 -273 22 -414 488 29 -450 692 -81 -397 -273 387 393 556 214 -24 487 126 398 479 -76 -350 -28 -383 76 -206 315 164 -59 -483 251 -155 7 -657 -36 395 -121 24 -319 
-124 1173 -459 -248 -330 -95 182 11 -538 -349 -10 166 -146 -357 172 274 293 340 214 169 -41 -633 396 53 32 350 471 -42 -14 401 367 174 -397 1 -378 298 152 -45 366 236 210 140 70 -205 -95 574 312 443 -191 -543 -45 268 -98 156 633 -109 171 1127 108 -396 -144 -433 -553 556 359 -153 92 -356 -90 668 -403 -79 109 -225 217 400 -188 58 50 292 646 556 160 632 226 496 401 -372 -157 362 265 243 -93 422 490 477 271 5 -118 28 
-227 133 -117 364 373 -269 55 316 -215 -360 405 42 339 262 -72 -78 -123 -303 316 56 202 578 126 49 -21 -21 105 -293 -370 152 -145 203 3 86 76 -511 -449 187 -444 36 -2 -277 204 451 -884 474 409 145 137 426 544 476 -101 -707 -200 -147 -121 413 63 549 46 52 40 197 49 323 369 410 -93 212 313 -564 355 323 226 303 168 -687 -496 326 385 165 -7 51 -29 236 855 -81 -55 -218 -34 372 -26 -10 -78 -235 258 157 -247 -374 
120 106 -201 457 292 -363 887 -563 511 275 -360 190 -203 930 -89 361 132 -340 -39 133 231 -198 336 423 94 -12 -530 86 2 216 -136 -29 -206 -59 -98 -127 9 523 -297 328 -414 -120 115 257 -505 831 -124 287 17 194 -207 216 203 -280 226 -172 56 603 39 -51 -179 426 210 551 227 80 -37 -252 31 28 -226 273 -77 -138 512 743 397 -28 41 -58 18 -74 349 649 -301 -1 155 -44 -757 233 -38 125 300 -294 423 -30 -73 687 287 128 
295 580 435 -455 -228 -688 -26 -12 97 236 203 123 -312 -189 -538 -224 -735 401 -28 213 437 -247 96 130 -436 -592 133 20 -262 -140 -33 177 252 -13 255 -274 -3 -29 -295 -231 247 -28 66 168 -686 144 -571 -57 154 286 621 55 -92 -357 -535 -97 -67 343 -255 -260 -9 -190 -388 152 -89 211 -20 -467 -1 -220 -19 87 -274 233 305 -30 -316 -546 -167 800 44 -204 129 -467 -756 -98 -99 -330 -426 -247 190 185 73 -44 -310 123 352 357 291 -92 
-119 -691 -1 -422 454 -574 254 -439 205 228 580 330 -351 -210 -651 -306 161 -191 -369 -288 297 14 -18 -97 163 -419 422 93 742 -260 -272 -283 -670 -251 -184 250 182 479 -157 162 -414 501 -277 401 -51 122 -23 567 184 424 29 517 -231 -617 -437 141 436 -9 -227 -507 -4 292 488 72 1 -153 -241 187 79 -558 182 39 -136 -232 -90 348 -13 26 -71 396 -17 -103 471 -386 -222 74 -674 -295 -113 -278 508 -116 321 -156 574 249 -137 462 130 -554 
50 505 234 -94 -74 64 394 52 318 -52 -66 143 123 -79 85 162 503 677 -67 -59 462 175 330 -179 362 -34 430 412 -135 -123 199 -78 -382 156 -61 -520 304 198 -553 -283 -92 -506 -535 159 -6 343 -585 -344 -189 181 -60 65 -359 -575 -630 -18 -12 -12 -89 -301 -387 55 388 467 58 -143 311 -620 39 119 643 -54 177 -267 204 339 -8 -231 -277 -642 88 -42 291 -133 -580 88 -301 -191 -123 -523 -224 170 -337 451 -188 -33 -257 -445 67 78 
133 -10 -26 733 4 42 451 -165 -91 -67 -224 -411 -431 -27 127 -164 230 -466 223 67 -175 455 -529 -330 553 -585 160 466 78 117 -74 -235 -201 136 -530 -53 -343 521 145 168 964 543 -96 -322 292 -323 201 -368 3 -27 318 355 673 68 465 -46 -378 381 355 51 291 165 421 -55 47 124 513 113 74 115 284 110 102 250 96 -410 -24 -323 541 227 345 -375 -30 717 375 535 288 -266 -743 254 -164 190 -225 553 2 2 61 -678 228 -163 
605 196 132 -604 -507 -558 -17 -22 102 3 59 -42 -815 491 163 206 -700 438 127 546 32 175 242 319 58 -214 -84 84 -357 774 224 -190 533 -389 565 519 -202 119 6 225 -324 -423 60 317 -819 518 -411 622 -577 -111 41 -269 -207 491 506 -150 -21 -234 476 -280 -593 162 -408 127 262 391 337 -243 -3 -254 -157 -360 159 361 -252 -523 115 48 -276 75 -161 -221 153 -241 -274 75 217 -532 65 348 327 -145 217 -331 -492 154 -339 677 212 -258 
829 312 -83 -132 86 -299 178 -258 106 343 415 533 -3 662 -618 -163 561 -197 -610 -201 525 113 139 148 -3 23 -503 20 -334 -136 -315 -192 -393 264 -93 -14 -246 270 -26 119 74 37 683 651 129 501 121 -182 515 333 58 -516 -123 -148 -11 430 118 -289 -56 292 -488 -209 -559 375 9 1040 -226 -313 -33 -111 -734 403 217 -295 -291 629 -142 471 51 -155 -35 334 170 -554 -484 -192 239 342 -192 484 700 397 777 -176 304 -267 149 234 29 325 
163 38 152 -223 109 112 -77 270 123 336 615 155 -622 -69 65 -346 267 468 165 143 105 493 -379 -286 445 -230 222 136 -213 -187 -245 -143 -655 269 82 -143 -194 166 81 -29 235 655 -258 -153 -35 185 23 228 -225 21 31 185 -261 -102 -19 84 -99 253 89 -92 -14 -278 326 521 140 206 89 -348 426 577 482 37 157 -326 167 60 -513 499 -183 -491 -309 -278 12 -230 -74 220 -140 -224 -739 456 -100 645 -46 45 346 92 -653 -46 122 -80 
225 76 -442 53 87 -231 -223 33 429 239 15 278 233 -261 699 -230 1018 378 -42 128 -83 108 -400 196 695 -228 -245 236 180 -308 -143 480 70 434 -83 522 4 -358 361 433 363 -270 7 -167 -237 41 576 -42 -368 -132 335 -149 117 488 417 -571 -107 488 542 -112 -349 321 110 282 -272 722 200 -538 72 -38 -204 44 368 212 -414 -638 -514 431 -356 394 298 -3 318 -22 -71 -62 -270 -354 102 563 -233 -48 278 461 452 182 -85 98 24 191 
-68 388 -104 155 195 -261 3 386 -535 330 567 -197 451 -117 -727 -314 -346 99 17 -9 108 32 -117 329 -335 824 -19 -253 -262 -105 -801 577 -208 441 256 -152 -71 383 46 -654 -100 -361 -177 -83 -477 -145 615 -93 -133 -79 250 -111 82 378 -795 546 -63 -713 67 465 417 -14 -567 -199 -263 -77 -86 603 -96 281 -74 -365 87 -68 -398 524 309 -19 715 260 -830 547 472 230 -216 -477 -392 -520 -240 -802 -116 44 -143 -864 432 -140 237 353 -479 -585 
-40 565 49 3 -2 176 -245 -75 594 -69 -151 415 -374 -6 994 713 143 234 -268 26 -121 -72 473 186 21 86 -100 -48 -29 -1223 97 183 515 552 -130 -359 -165 939 145 199 1086 -843 -315 43 -16 464 -351 -356 -34 -386 455 -219 484 151 -138 -123 -744 490 -632 -175 -90 142 114 21 -184 360 -211 -205 487 -133 172 636 912 131 -110 -526 -534 166 -310 185 394 666 -181 -660 -223 216 271 115 597 139 -415 1 -199 -36 -304 362 117 108 -177 -110 
729 -47 151 -174 408 47 -183 -284 129 -368 14 22 -280 -456 164 -269 144 305 413 -226 -80 625 100 151 38 178 -406 450 461 -22 -33 76 -355 112 89 744 596 -196 -10 628 551 -186 529 -189 480 -312 -189 225 -404 -133 88 -279 145 185 346 117 351 208 106 -611 -376 53 -227 -160 75 -192 105 81 14 -465 420 -207 -71 70 342 -394 163 -148 313 44 278 -207 406 366 49 443 -106 -347 125 650 381 -71 -42 325 154 -368 93 -535 579 120 
-743 226 255 340 242 -199 32 294 -578 -96 506 82 317 -1094 -19 -302 53 437 -369 293 -267 -1122 175 -496 715 -424 852 52 129 307 -422 170 223 37 217 -214 -561 143 844 166 241 640 -322 -283 -516 -60 264 460 -31 93 86 504 -91 66 124 139 419 412 156 30 39 -132 16 120 -123 -364 574 323 202 -249 -448 -189 185 -196 -410 243 -133 79 55 500 313 384 524 -192 64 540 -333 29 -193 -244 34 141 -239 -252 185 426 75 101 -3 -221 
-333 135 211 118 -205 -137 507 36 365 610 163 -665 234 -479 252 -609 160 138 177 309 406 451 -109 -495 233 544 263 128 -402 -89 -651 297 -211 -766 319 178 9 -57 -189 -83 6 350 -227 157 673 -87 -198 -166 372 568 322 82 -168 377 423 -90 231 -50 75 64 -257 -104 -214 272 -337 627 152 -16 183 -570 85 478 -163 128 -448 56 139 -132 347 -103 180 -226 34 -430 -324 -204 227 312 -53 219 -132 300 52 58 -39 -474 37 88 -222 34 
-305 11 347 129 -111 -529 7 -151 358 -308 -134 29 -493 24 1000 498 689 148 84 -85 -253 -16 423 -118 19 207 -64 169 -490 -919 6 473 84 614 -165 -13 292 160 -314 107 447 -400 396 -372 -103 -40 -269 -478 -121 -190 3 -113 257 143 590 174 187 413 344 -279 -12 -57 441 375 200 80 -112 -68 1031 -948 -602 532 906 235 -214 -555 -548 455 -513 189 895 320 177 -609 -85 421 288 530 795 442 -73 -370 36 -536 -381 -204 -86 183 416 -199 
-27 174 -274 -72 326 266 -263 428 253 359 270 -182 -283 -347 31 -428 543 133 209 577 -48 -152 186 94 -96 236 329 -68 263 74 -116 -368 -400 227 -38 -392 75 175 262 39 226 -171 -53 66 515 181 -532 -6 205 44 413 287 -305 -199 -269 474 87 486 -150 -134 618 -86 206 240 190 207 167 -47 349 -22 -215 -9 -106 35 531 81 61 -365 478 -31 -176 243 -211 -336 279 234 119 54 -382 -493 238 673 -66 749 -23 -71 31 -251 190 -189 
-288 232 -51 443 -164 -476 1042 594 253 621 200 29 841 546 -483 96 284 96 -283 123 225 127 120 278 720 -179 154 -22 85 433 -283 426 -205 157 883 -421 81 -122 150 -381 279 -201 142 211 524 -201 531 315 84 345 917 -392 307 548 -712 145 -38 -301 -54 96 288 234 695 -43 312 72 135 302 10 730 -605 463 -181 52 -560 436 -884 158 -111 -284 -803 579 629 302 -435 19 407 -211 -200 444 -339 -69 -132 -242 678 -89 -546 -53 -140 -281 
-333 -296 -164 -39 -186 236 14 108 344 19 -239 86 -19 448 182 -622 49 49 74 114 -292 -184 34 -540 188 155 53 437 598 -325 -45 164 -377 214 77 -151 179 -203 778 113 55 114 492 -733 73 -463 90 367 11 15 -468 -776 -240 474 299 121 -290 -215 133 409 -162 66 -706 81 417 -209 -33 -83 -297 -264 335 214 130 -534 -273 274 -414 -199 92 17 1004 66 0 81 395 985 230 -230 -314 143 40 -410 209 97 676 96 -289 463 73 -155 
-196 -26 75 -584 49 385 -156 -15 131 -316 -471 147 478 -324 309 139 -23 -303 -222 485 -33 -273 634 149 205 187 332 19 230 3 148 -55 -371 507 37 -217 -147 238 104 14 -415 479 -498 211 63 198 210 111 278 146 226 -159 -492 173 146 -182 -270 -242 -269 353 212 -43 234 -171 -417 -102 146 374 -205 434 -17 17 302 141 35 265 -171 -462 134 515 -95 401 -43 489 126 430 -37 274 696 266 1 176 -77 480 -150 -201 -138 561 -151 -63 
122 52 432 195 79 -76 -188 -322 -445 46 289 -234 -495 154 406 34 -73 37 -207 -379 -36 228 -66 -196 -617 289 -593 -421 -585 -126 59 -252 -237 -602 -171 331 415 -338 127 -196 252 -63 482 -485 215 -90 -295 -199 -319 60 140 -108 442 -83 -45 70 -329 -166 324 -107 -261 45 -207 -124 149 693 -320 110 -323 42 -16 559 65 396 -221 -985 223 -89 248 61 254 -417 -78 243 444 124 -488 259 297 725 -78 -202 111 -211 400 44 -190 254 138 -209 
-245 139 -458 -270 661 -368 149 84 124 -577 154 -13 182 4 -251 616 11 11 250 46 -361 -420 -303 -340 -22 -162 -62 -238 -359 -210 238 -609 249 48 -26 450 -43 -249 54 95 -320 114 210 -400 -477 -89 -315 -11 -322 -2 -140 -138 219 61 462 155 40 417 -26 154 305 373 167 -52 50 207 246 -389 -122 -218 -248 -343 -314 -34 -368 -75 64 414 -822 -116 495 296 427 82 36 -605 261 421 525 217 145 343 53 249 150 -46 70 94 -436 -212 
1121 -281 475 -119 412 169 -402 373 -355 -540 -488 136 188 17 120 -130 59 321 -246 104 -44 655 41 163 97 -262 -193 366 545 239 414 297 -576 750 512 416 -9 13 221 530 219 883 200 487 260 -166 460 10 301 415 -72 -49 -269 498 215 -243 393 -272 -308 170 659 192 -176 -590 10 406 186 176 88 -249 444 259 -201 -35 167 -57 55 -108 300 630 71 -358 -301 -195 154 -54 27 238 -47 218 -19 315 372 391 561 57 259 108 -242 -248 
-413 -237 -185 -468 -349 143 27 -166 -44 -503 337 267 519 -18 -360 -64 142 515 344 -36 -80 434 -318 222 616 255 666 -227 131 874 -33 -228 -163 -67 -266 354 159 62 57 -11 -54 258 -171 558 -329 566 566 -252 72 67 -193 -225 -497 -440 15 355 577 -178 162 -823 115 43 -174 225 -164 -287 -61 -3 -491 472 -179 -31 -415 29 86 622 -162 -575 122 11 402 64 804 291 275 -23 -170 -429 58 -22 27 -59 71 585 252 -42 -317 -316 37 254 
-429 -208 -848 -319 267 205 -130 46 100 -442 117 -488 130 -248 264 387 -199 269 203 29 -331 -242 117 -41 383 677 -156 461 375 -160 390 195 38 226 -193 137 336 253 235 -239 -469 321 -127 475 89 119 122 268 -298 -665 -128 -419 131 892 26 -134 -230 321 -143 647 -64 245 -694 -108 16 -725 -376 -7 178 149 267 -76 621 385 -416 271 -204 -243 -220 -217 364 -20 580 -91 407 205 301 28 210 -653 34 -706 -424 366 -450 87 875 4 -445 -173 
240 204 114 -278 414 -346 -110 134 -184 -328 188 -15 -772 -153 -66 684 90 -570 -474 691 178 193 218 -444 -402 -251 -346 -135 -605 423 133 22 -86 -426 -236 310 179 1342 -372 -522 229 647 -532 -203 -206 -738 -688 -42 126 73 -29 -449 -37 -98 179 1058 -359 -140 693 346 8 424 -522 -522 -183 174 610 315 -486 -32 -47 120 -13 295 142 -268 -54 345 -18 -55 -378 -293 347 -494 -101 -258 -170 507 -348 169 -68 61 924 -669 -330 144 330 -145 -268 -73 
-409 -677 -798 27 -1036 418 51 519 -404 654 -196 -385 86 -67 -135 -3 117 -153 234 188 -397 -217 -511 99 655 -32 52 601 276 -505 -159 -504 362 -70 -177 -595 -201 -141 17 473 807 371 -290 -495 -268 -229 496 -87 41 -305 17 345 675 348 -137 -146 -570 14 423 179 371 343 -55 68 258 -343 8 314 -369 629 -95 290 77 -8 286 -265 -479 373 -260 -266 -500 245 411 25 237 99 -531 -140 -47 -355 -272 -449 -191 -11 116 65 -392 -327 -47 1 
400 113 182 278 -471 -477 90 481 -135 226 -16 72 41 280 -334 21 976 135 -486 -164 -52 116 -562 -295 334 -213 -407 492 -205 138 -653 146 -377 462 -135 -59 489 -218 -278 -393 -470 -367 88 487 -78 5 178 -205 -21 617 170 431 -27 46 -78 376 330 -366 356 -384 255 -276 -25 -94 112 260 -388 -36 535 -84 -244 -361 95 154 230 275 -65 135 527 -115 -350 24 161 -79 37 377 521 -240 -106 -730 264 -447 224 -440 346 -243 -36 127 500 -80 
193 375 392 -533 -520 148 -100 -465 131 -374 -139 103 -513 484 511 274 -189 -86 283 192 111 -304 112 22 286 -154 -64 -61 -89 110 79 -49 143 579 337 -31 115 766 76 496 615 -116 -254 -414 -435 28 -190 -262 -549 -387 -135 -210 476 103 294 177 138 -12 -47 -173 -68 -107 -185 38 232 -330 67 -534 -24 370 67 242 -257 9 305 -661 35 -135 137 545 209 637 383 115 -42 123 -67 33 -35 -689 126 -844 -383 385 -7 15 -161 -92 -53 353 
-260 347 195 -40 -529 -419 404 316 -17 537 -164 -103 -131 78 595 368 110 179 490 338 116 -385 144 418 302 583 -355 103 -215 -202 -414 954 131 554 568 103 82 176 136 116 15 -199 -90 53 41 231 -419 548 -552 -1 325 -12 717 737 -104 426 -55 602 569 10 -386 138 -632 39 -185 359 282 39 320 151 265 -369 5 110 41 -882 137 128 -148 122 225 641 629 -11 -308 133 -58 -94 165 -327 -685 -507 -458 153 195 -313 455 98 24 -222 
300 -235 256 448 -421 -50 -307 296 -517 -383 146 332 -230 -480 -79 517 -509 190 -80 142 -481 44 -300 352 75 -205 -284 122 -601 106 685 446 393 205 -223 220 -315 -273 218 -378 71 -489 245 -242 -750 96 -99 -9 -756 -275 306 -681 -2 50 42 -172 -80 -245 345 -229 -37 222 7 22 -272 -19 -82 76 -85 75 -269 -52 45 23 270 -15 -288 -351 60 -185 -339 -126 -161 410 100 315 410 -506 -414 378 -174 622 -474 -735 -38 243 467 152 521 -18 
-281 587 -145 96 564 -208 625 170 560 474 757 -235 441 164 -60 261 336 -39 -79 553 658 315 324 229 270 210 320 -107 -108 -266 -178 547 68 371 386 44 -558 144 -354 -491 -179 631 136 -185 -117 -507 204 37 55 443 481 455 -65 -361 -946 512 50 380 491 -33 428 140 567 -149 -97 308 344 158 360 227 -887 27 -35 781 148 24 -299 13 253 217 -8 477 23 209 -121 -189 -7 -75 -317 -25 0 180 -372 -101 520 -217 -532 4 231 -315 
320 4 -19 -150 133 -188 232 396 99 -91 243 185 -33 146 380 564 527 7 490 449 36 805 -6 -433 530 150 145 115 -449 -216 41 124 28 1075 33 -65 -461 405 -393 -61 387 535 296 27 -32 -615 89 -336 163 -256 -311 -69 76 408 163 69 711 -53 494 41 167 -127 756 -142 -34 -411 -677 -77 965 -209 98 551 270 -176 -400 -236 -39 95 117 -81 332 324 -173 -241 -92 747 617 267 -326 379 188 -29 54 429 211 196 -61 -202 -88 311 
503 87 -225 157 530 -313 649 44 50 -225 232 207 -169 74 -579 674 10 272 226 31 171 -578 32 -74 352 -457 -340 -6 228 284 19 -473 -263 248 103 408 106 452 429 416 487 585 274 -26 -429 -82 -20 -60 13 511 314 192 352 182 215 750 298 395 -440 51 199 -477 260 158 484 -133 11 -395 192 367 -356 -136 -247 -402 341 -27 -301 590 14 129 -383 103 490 -82 119 3 435 184 -524 601 115 189 -83 -104 388 88 -42 434 -144 -283 
456 413 205 -222 71 158 -49 136 -112 -29 -140 500 408 -638 -38 -3 435 -214 3 -883 -811 41 -40 -125 -43 345 -669 182 -119 43 -32 -201 190 -6 -81 135 242 -139 235 110 -268 -69 396 669 468 -55 -477 287 -105 -706 -43 -104 447 574 -45 -412 715 120 -564 213 80 -590 -241 777 -210 676 -471 -558 933 40 -104 416 129 -342 122 -23 -140 463 -14 110 333 109 284 -452 -650 43 81 -270 262 -252 210 374 -269 -108 -393 -392 626 -669 100 534 
-545 306 -35 -140 331 62 155 -642 316 -96 -251 646 -342 185 -164 619 470 -268 -464 -284 -189 364 203 -474 -374 -275 218 45 145 -584 171 -95 -167 473 -587 -156 -351 -15 -225 80 62 372 198 -148 198 321 -328 175 -129 -133 -264 482 -211 -414 -108 -19 -140 826 124 -193 6 188 231 534 163 -314 219 82 377 246 -324 404 436 260 -206 -185 -510 -295 197 -144 -261 -225 267 95 81 398 22 17 -721 -83 206 160 -173 141 43 -62 590 -273 -56 11 
-158 9 99 482 62 -132 311 379 -168 353 403 -133 798 139 0 -195 633 -610 -611 -445 -6 -95 -303 100 -7 569 494 327 -337 169 340 452 166 -308 -319 443 83 -284 367 -128 -90 154 905 -77 398 -232 93 -29 -101 94 -73 -431 388 41 297 295 377 23 -300 -276 446 221 113 165 69 91 -41 75 358 -206 -56 67 -881 144 -27 161 -185 288 -185 -614 270 832 -365 -35 -214 9 1265 -75 145 182 90 441 11 -26 807 -409 287 -483 -112 259 
-72 -454 -44 262 53 287 338 -196 152 -416 -474 366 -189 180 -624 -57 382 290 -14 -541 200 471 -118 109 -68 -58 453 217 248 -607 40 38 -435 192 -242 -342 -31 262 340 173 -184 617 49 -13 918 -431 -87 -10 -143 167 334 -44 -341 439 -547 131 11 510 -241 19 151 -835 -431 623 327 -442 168 118 164 324 -1023 140 641 53 -374 428 -348 135 988 355 0 150 156 -248 -309 -40 -31 -277 -138 7 193 -412 -109 -44 -347 -50 -159 669 -392 -322 
-402 -161 310 -102 -523 -178 350 -234 372 163 110 178 161 137 884 245 -200 356 -127 -371 -431 315 191 150 359 372 171 -232 -296 -18 21 985 561 189 -285 278 -282 424 -368 -23 42 -313 -213 257 -229 -240 -98 -44 -487 242 242 -551 512 719 525 438 543 807 85 -35 -426 382 -95 -474 -523 95 120 -194 377 -696 -143 205 265 -186 168 -423 -412 -116 73 355 1017 586 135 175 -490 781 537 386 -288 -160 33 -239 -231 79 42 338 552 153 229 26 
-196 -219 -138 69 -424 -143 148 -661 -323 421 -293 -115 -132 212 -531 233 -462 31 274 3 -83 276 534 323 138 -366 183 63 -570 367 497 -331 -212 -96 145 -506 206 -281 275 126 620 -43 273 -188 -549 209 251 -58 -422 -96 93 155 -144 -320 -13 -170 -615 477 155 -148 -452 -331 -553 439 810 49 255 25 -72 547 80 70 104 118 -88 -45 159 177 -31 -378 -314 -490 -272 648 -308 -49 180 -459 -5 -139 315 145 -21 71 -730 -536 -167 -204 -97 -21 
849 -31 -1081 -347 -326 -10 405 600 -319 296 49 -446 848 -51 -46 -317 16 359 243 161 449 142 68 925 111 322 118 250 270 486 313 299 85 171 -271 54 -142 -223 572 -1053 -314 195 108 427 83 -101 676 174 73 -259 225 333 164 824 -200 361 67 92 546 844 -173 93 -594 -455 138 108 571 -589 -120 926 -407 80 282 -113 260 -168 -816 -17 566 -399 194 420 -43 -507 449 164 -349 -118 77 -129 299 -183 -70 548 31 8 110 124 -42 410 
17 -174 374 -188 -338 36 232 39 -71 179 -25 293 -470 -262 428 -193 323 -5 446 -36 605 698 -425 -190 203 159 -560 -53 774 -227 28 -428 42 381 -543 46 381 279 108 375 316 395 43 443 -382 -278 -514 64 -613 -134 -442 -389 224 -87 519 417 -251 -181 219 70 137 322 -107 403 -522 276 292 158 178 133 217 147 347 316 -76 -73 -507 -383 -29 -296 546 504 857 36 413 279 -561 138 372 171 411 693 396 546 -135 192 -228 106 110 517 
310 15 -309 -62 -459 362 -65 513 345 748 -146 -328 445 630 -107 -221 41 -395 386 354 -52 370 -309 494 239 323 -300 -19 421 319 -48 -23 453 141 259 -481 124 35 -19 -107 210 -690 124 63 556 -110 316 -359 738 -429 730 385 625 442 -95 162 -226 -73 15 -301 115 -314 125 21 208 397 -111 42 393 762 -105 447 -339 212 676 -231 200 154 512 -333 -480 504 -237 -302 221 -127 100 -421 -135 -431 -6 -71 14 439 -230 -322 -397 72 179 400 
186 -593 -118 367 -431 73 -5 414 315 -692 -98 -469 518 249 461 -360 -130 -403 63 72 -2 -277 238 -426 484 -46 -251 528 -366 -10 444 420 -85 -93 -245 80 217 33 -71 65 452 159 -96 -207 87 350 192 -297 427 447 -67 -90 -69 520 -133 -319 99 -494 56 259 -259 746 116 93 157 286 -246 32 -766 345 261 -190 -284 -149 276 -121 78 206 -96 76 360 -716 146 -11 -234 98 1126 40 -62 208 -656 -334 388 -108 101 15 -22 -110 192 242 
345 497 22 400 -62 -342 75 71 110 442 209 -7 378 -274 -192 457 999 -528 -191 253 -23 -206 331 198 10 75 495 -306 -927 114 256 60 -215 622 95 -303 -476 -310 -366 -288 -237 -33 10 -125 243 90 286 -762 125 464 378 287 -140 -38 680 136 139 264 411 417 52 -409 609 391 71 303 238 348 534 -33 -863 434 -108 -275 366 -240 21 112 -338 -563 -103 25 -649 289 -118 -80 856 178 -336 387 -449 522 76 478 -134 -427 597 -730 -8 -232 
-124 -307 -128 93 506 402 621 -322 503 536 324 -45 875 -213 -10 -220 653 284 28 -105 295 397 -127 -32 383 194 -20 -181 205 75 -135 -33 -279 -199 -151 -214 218 170 -435 -113 -157 3 -60 336 565 504 628 201 -170 300 41 159 41 375 -98 -395 249 -67 -392 438 64 350 866 148 62 350 -39 444 361 53 -29 395 628 222 -123 551 -33 154 53 -293 184 -188 -36 48 -70 78 -138 454 -22 308 -17 14 -425 572 516 231 -422 -237 -164 -117 
94 250 365 649 -181 -220 289 -32 2 -371 -22 5 -152 271 95 -171 -128 -223 -107 217 251 -399 610 52 -495 -200 256 -74 -525 694 273 404 33 -490 18 -351 135 692 -453 147 49 -393 -510 379 120 323 -249 305 106 38 -160 -166 268 311 344 -16 171 -129 -92 363 -2 281 -236 -693 694 376 943 202 -98 -291 12 76 -87 379 288 90 456 -630 108 683 16 -429 530 -323 -302 123 -51 239 -98 -610 -381 207 120 -219 -128 400 394 -318 -415 334 
121 -14 -73 -64 -184 -271 198 314 242 -136 -46 -333 240 171 -361 -176 -520 338 644 303 166 308 58 -433 333 -510 -175 104 -1 691 -262 -614 -144 -111 519 -33 607 -70 -484 365 234 160 391 71 45 -392 -127 -21 199 3 -197 29 -124 695 498 -58 475 -915 -135 -386 -333 73 8 -461 -154 303 244 -252 -512 -13 -116 -92 -368 10 -503 101 866 -40 218 656 -76 -500 207 692 344 -29 -72 -89 -51 247 -117 -152 213 220 -53 319 -250 354 -79 97 
-342 -247 412 -385 -209 -478 -301 271 -73 491 -2 475 250 -288 208 5 325 271 -292 -949 94 -159 -101 657 -279 797 32 -63 677 566 59 59 -582 24 -130 173 253 83 -11 -300 392 36 315 -297 -313 -296 111 -325 0 527 -374 -139 584 -14 168 337 -133 -22 -391 -54 -45 -113 -87 -548 -482 62 -361 456 327 -367 201 279 -25 -475 21 8 -94 -34 -350 61 236 90 138 -30 293 376 -39 -93 415 227 -92 -71 -452 320 369 -23 447 27 132 -278 
288 -17 -168 67 -261 -229 261 -353 -149 685 2 -422 219 210 -357 276 750 294 203 432 652 451 485 -403 -210 -149 -189 346 119 196 -126 -307 145 315 -132 -284 392 228 17 -19 159 431 53 475 -14 319 233 -139 316 140 410 212 -106 15 703 256 -384 248 241 332 -12 -449 472 68 22 573 285 257 -193 45 -65 207 176 -298 170 -357 381 -67 -190 -572 -112 183 241 -90 51 -623 689 438 325 336 260 220 532 564 359 116 34 279 277 684 
234 -110 110 325 365 -5 -285 131 321 406 10 -151 614 698 542 299 -25 -360 -88 -10 14 581 376 -152 229 -219 -248 231 474 91 382 602 686 63 -263 -109 456 -220 -498 103 128 -795 404 453 222 -263 -609 149 287 184 449 -83 197 301 -192 -46 -14 114 121 -201 26 294 462 -171 81 380 349 340 62 -173 176 251 547 629 -177 -928 68 73 8 -415 182 453 241 -222 -85 -65 594 287 649 120 521 174 196 -111 -284 -152 181 161 47 753 
378 275 278 -251 -161 271 348 505 -31 81 575 28 326 181 5 163 -556 498 538 -151 780 422 -264 457 145 -167 -116 -3 545 297 -142 -143 135 533 482 -706 -193 489 -129 1013 440 369 178 -142 -1174 46 139 -100 -424 164 220 -28 -42 -162 175 -527 -358 -775 -1133 257 128 -133 222 538 -72 294 699 89 -280 904 -32 -168 304 510 318 173 -291 -34 -613 561 75 267 -639 -51 345 -124 207 116 108 195 -311 552 407 -119 103 605 -473 675 -129 367 
-197 173 1004 -147 184 455 -436 -246 310 24 -270 286 -252 108 419 234 293 168 33 -331 201 -234 473 -255 -297 -78 159 12 266 -258 -465 45 -27 159 -280 -16 -71 407 22 477 539 335 522 -77 -121 -105 -483 351 439 -290 -501 -336 -44 -243 164 479 516 -554 -519 70 613 -276 174 -542 -210 168 -136 206 233 -668 35 3 62 558 67 -389 387 214 87 299 -102 -435 197 143 -320 -24 -73 401 468 387 234 -50 -282 -398 -178 -6 -413 15 308 292 
563 -409 60 -108 -33 11 622 108 -157 284 17 -714 445 607 198 554 154 -171 282 -35 650 80 276 1144 -162 199 -220 0 416 344 351 796 -269 27 51 181 153 361 -342 -197 -124 596 -36 -244 -563 -309 147 80 -108 672 163 -204 851 -137 63 314 -588 99 -402 263 585 227 -947 -184 366 232 895 352 -19 267 -287 32 -476 495 709 -136 -132 -157 134 -82 -7 39 103 -265 749 -371 573 172 416 -224 -115 -215 186 -319 210 29 452 640 -411 164 
526 -382 142 -207 80 423 -287 494 5 251 -94 -68 78 49 273 -80 425 -111 -151 477 -152 -128 -365 -70 215 -138 -271 86 172 -52 308 60 395 -137 732 -71 399 -18 -105 483 324 -172 204 240 91 159 198 -905 137 37 -133 -152 236 172 316 167 498 -563 210 247 443 -73 173 492 -380 458 -49 158 332 -245 -375 -199 -276 70 63 -61 98 963 -559 -32 69 363 -351 -231 -30 -539 20 -193 325 243 20 -422 -159 33 -526 -351 178 -361 539 163 
232 367 433 486 -164 -217 -229 329 -445 -109 411 -216 32 -239 361 -538 -567 -236 438 -297 203 -132 -186 -13 -235 315 76 60 -298 200 90 -423 -124 82 -555 231 337 533 -497 -657 405 503 326 -91 -454 -66 -398 -465 -257 552 276 183 333 -154 -69 -166 -475 -104 -65 -144 -390 -3 304 225 -920 -330 67 460 465 -302 -100 -202 -402 267 18 -457 65 -338 104 -331 -182 -316 467 59 463 -52 626 -100 108 305 175 570 50 -716 -341 -406 531 180 42 -294 
-490 -234 28 63 -346 -182 581 81 -430 336 16 -154 161 271 -668 -286 359 238 70 671 121 -415 -455 -170 76 64 -88 -299 -49 399 -12 401 23 305 -23 -471 91 684 359 -73 165 -82 34 111 267 496 243 -499 461 306 1112 94 199 -462 62 466 -153 -140 -252 -28 522 -141 -261 -209 163 -134 -172 98 -342 1035 -4 531 48 118 -19 8 28 177 717 716 449 269 -149 580 -331 665 50 370 184 -528 -270 -457 -56 -71 -114 -224 -483 359 -299 -408 
